69,43 81,43 69,66 81,66- //CADL
83,42 99,42 99,66 83,66- //PAU
110,43 121,43 124,63 113,63- //PERPUSTAKAAN
131,43 142,43 142,64 131,64- //CAS
162,31 167,46 155,50 149,36- //CRCS
35,46 64,47 64,51 35,51- //SBM
34,54 61,55 34,65 61,65- //LABTEK III
29,71 51,71 51,76 29,76- //TEKNIK INDUSTRI
34,77 43,77 43,88 34,88- //PPTI
28,89 51,89 51,104 28,104- //LABTEK MESIN
27,105 42,105 42,115 45,115 45,111 50,111 51,121 27,121- //TEKNIK MESIN
57,76 81,76 81,86 57,86- //LABTEK X
57,96 81,96 81,104 57,104- //LABTEK XI
84,83 92,76 101,83 92,91- //OKTAGON
84,101 92,93 101,101 92,101- //TVST
108,80 125,80 125,88 112,88- //COMLABS
113,94 126,94 126,104 108,103- //PLN
129,76 139,76 139,112 129,112- //LABTEK I
153,56 184,56 184,64 169,64 168,78 162,78 168,64 153,64- //TEKNIK PERMINYAKAN
153,80 165,80 165,86 153,80- //BSC B
152,89 176,91 176,98 152,95- //KIMIA
151,101 179,103 179,110 151,108- //KIMIA
151,117 177,117 177,126 151,126- //LAB HIDROULIK
157,128 167,128 167,136 157,136- //GKU TIMUR
168,127 177,127 177,134 168,136- //CDC
151,140 167,140 167,148 151,148- //LAB DOPING
170,146 177,146 177,153 170,153- //SP
43,125 50,125 54,129 54,136 50,140 43,140 39,136 39,129- //GKU BARAT
27,138 39,138 39,145 27,145- //LAB ELEKTRO
45,147 61,147 61,155 45,155- //LAB KONVERSI
62,119 100,119 100,131 62,131- //LABTEK VI
65,135 101,135 101,146 65,146- //LATEK V
108,119 145,119 145,130 108,130- //LABTEK VII
106,135 142,135 142,146 106,146- //LABTEK VIII
29,160 42,160 42,176 29,176- //CIBE
27,181 41,181 41,189 27,189- //BSC A
46,160 59,160 59,164 74,164 74,185 46,185- //FISIKA
46,190 77,190 77,195 46,195- //SIPIL
48,198 79,197 79,203 48,203- //SIPIL
77,203 89,204 89,215 77,215- //ALBAR
121,203 134,203 134,214 121,214- //ALTIM
82,162 99,162 99,169 82,169- //CBAR
109,162 127,162 127,169 109,162- //CTIM
90,174 99,174 99,188 90,188- //LAPBAS
109,174 118,174 118,188 109,188- //LAPCIN
132,160 168,160 168,167 132,167- //TEKNIK LINGKUNGAN
132,171 169,171 149,179 132,179- //PLANOLOGI
151,171 169,171 169,179 151,179- //GEODESI
134,184 150,184 150,191 134,191- //TEKNIK ARSI
151,184 169,184 169,192 151,192- //TEKNIK ARSI
137,193 146,193 146,196 150,196 150,194 160,194 160,206 152,212 152,206 142,160 142,201 137,201- //SENI RUPA
91,221 99,221 99,224 91,224- //FTSL
180,221 116,221 116,224 180,224- //FSRD 